$1
.2<-0
.3<-0
.4<-0

1<-T

(1) {
    mf
    mb
    tp
    1<-F
    np
}

~7
.5<-F

.10<-tp
[.# 10:T] please 11

~11
[.# 1:5] please 7



